              precision    recall  f1-score   support

           0     0.9688    0.9837    0.9762       980
           1     0.9764    0.9841    0.9803      1135
           2     0.9683    0.9486    0.9584      1032
           3     0.9464    0.9436    0.9450      1010
           4     0.9769    0.9063    0.9403       982
           5     0.9137    0.9731    0.9425       892
           6     0.9478    0.9666    0.9571       958
           7     0.9572    0.9572    0.9572      1028
           8     0.9386    0.9097    0.9239       974
           9     0.9080    0.9296    0.9187      1009

    accuracy                         0.9505     10000
   macro avg     0.9502    0.9503    0.9499     10000
weighted avg     0.9510    0.9505    0.9505     10000
